2020/03/21-15:44:18.249497 7ff418618700 RocksDB version: 6.6.4
2020/03/21-15:44:18.249528 7ff418618700 Git sha rocksdb_build_git_sha:
2020/03/21-15:44:18.249530 7ff418618700 Compile date Feb 12 2020
2020/03/21-15:44:18.249534 7ff418618700 DB SUMMARY
2020/03/21-15:44:18.249563 7ff418618700 CURRENT file:  CURRENT
2020/03/21-15:44:18.249565 7ff418618700 IDENTITY file:  IDENTITY
2020/03/21-15:44:18.249568 7ff418618700 MANIFEST file:  MANIFEST-000001 size: 13 Bytes
2020/03/21-15:44:18.249570 7ff418618700 SST files in /home/skrbic/IdeaProjects/rocksdb-4j/src/main/resources/data/repositories/db dir, Total Num: 0, files: 
2020/03/21-15:44:18.249571 7ff418618700 Write Ahead Log file in /home/skrbic/IdeaProjects/rocksdb-4j/src/main/resources/data/repositories/db: 000003.log size: 3284076 ; 
2020/03/21-15:44:18.249573 7ff418618700                         Options.error_if_exists: 0
2020/03/21-15:44:18.249574 7ff418618700                       Options.create_if_missing: 1
2020/03/21-15:44:18.249574 7ff418618700                         Options.paranoid_checks: 1
2020/03/21-15:44:18.249575 7ff418618700                                     Options.env: 0x7ff397ffb020
2020/03/21-15:44:18.249576 7ff418618700                                Options.info_log: 0x7ff410785e70
2020/03/21-15:44:18.249576 7ff418618700                Options.max_file_opening_threads: 16
2020/03/21-15:44:18.249577 7ff418618700                              Options.statistics: (nil)
2020/03/21-15:44:18.249578 7ff418618700                               Options.use_fsync: 0
2020/03/21-15:44:18.249579 7ff418618700                       Options.max_log_file_size: 0
2020/03/21-15:44:18.249579 7ff418618700                  Options.max_manifest_file_size: 1073741824
2020/03/21-15:44:18.249580 7ff418618700                   Options.log_file_time_to_roll: 0
2020/03/21-15:44:18.249581 7ff418618700                       Options.keep_log_file_num: 1000
2020/03/21-15:44:18.249581 7ff418618700                    Options.recycle_log_file_num: 0
2020/03/21-15:44:18.249582 7ff418618700                         Options.allow_fallocate: 1
2020/03/21-15:44:18.249583 7ff418618700                        Options.allow_mmap_reads: 0
2020/03/21-15:44:18.249583 7ff418618700                       Options.allow_mmap_writes: 0
2020/03/21-15:44:18.249584 7ff418618700                        Options.use_direct_reads: 0
2020/03/21-15:44:18.249585 7ff418618700                        Options.use_direct_io_for_flush_and_compaction: 0
2020/03/21-15:44:18.249585 7ff418618700          Options.create_missing_column_families: 0
2020/03/21-15:44:18.249586 7ff418618700                              Options.db_log_dir: 
2020/03/21-15:44:18.249587 7ff418618700                                 Options.wal_dir: /home/skrbic/IdeaProjects/rocksdb-4j/src/main/resources/data/repositories/db
2020/03/21-15:44:18.249587 7ff418618700                Options.table_cache_numshardbits: 6
2020/03/21-15:44:18.249588 7ff418618700                      Options.max_subcompactions: 1
2020/03/21-15:44:18.249589 7ff418618700                  Options.max_background_flushes: -1
2020/03/21-15:44:18.249589 7ff418618700                         Options.WAL_ttl_seconds: 0
2020/03/21-15:44:18.249590 7ff418618700                       Options.WAL_size_limit_MB: 0
2020/03/21-15:44:18.249591 7ff418618700                        Options.max_write_batch_group_size_bytes: 1048576
2020/03/21-15:44:18.249591 7ff418618700             Options.manifest_preallocation_size: 4194304
2020/03/21-15:44:18.249592 7ff418618700                     Options.is_fd_close_on_exec: 1
2020/03/21-15:44:18.249593 7ff418618700                   Options.advise_random_on_open: 1
2020/03/21-15:44:18.249593 7ff418618700                    Options.db_write_buffer_size: 0
2020/03/21-15:44:18.249594 7ff418618700                    Options.write_buffer_manager: 0x7ff4107810e0
2020/03/21-15:44:18.249595 7ff418618700         Options.access_hint_on_compaction_start: 1
2020/03/21-15:44:18.249595 7ff418618700  Options.new_table_reader_for_compaction_inputs: 0
2020/03/21-15:44:18.249596 7ff418618700           Options.random_access_max_buffer_size: 1048576
2020/03/21-15:44:18.249604 7ff418618700                      Options.use_adaptive_mutex: 0
2020/03/21-15:44:18.249605 7ff418618700                            Options.rate_limiter: (nil)
2020/03/21-15:44:18.249606 7ff418618700     Options.sst_file_manager.rate_bytes_per_sec: 0
2020/03/21-15:44:18.249607 7ff418618700                       Options.wal_recovery_mode: 2
2020/03/21-15:44:18.249607 7ff418618700                  Options.enable_thread_tracking: 0
2020/03/21-15:44:18.249608 7ff418618700                  Options.enable_pipelined_write: 0
2020/03/21-15:44:18.249609 7ff418618700                  Options.unordered_write: 0
2020/03/21-15:44:18.249609 7ff418618700         Options.allow_concurrent_memtable_write: 1
2020/03/21-15:44:18.249610 7ff418618700      Options.enable_write_thread_adaptive_yield: 1
2020/03/21-15:44:18.249611 7ff418618700             Options.write_thread_max_yield_usec: 100
2020/03/21-15:44:18.249611 7ff418618700            Options.write_thread_slow_yield_usec: 3
2020/03/21-15:44:18.249612 7ff418618700                               Options.row_cache: None
2020/03/21-15:44:18.249613 7ff418618700                              Options.wal_filter: None
2020/03/21-15:44:18.249613 7ff418618700             Options.avoid_flush_during_recovery: 0
2020/03/21-15:44:18.249614 7ff418618700             Options.allow_ingest_behind: 0
2020/03/21-15:44:18.249614 7ff418618700             Options.preserve_deletes: 0
2020/03/21-15:44:18.249615 7ff418618700             Options.two_write_queues: 0
2020/03/21-15:44:18.249616 7ff418618700             Options.manual_wal_flush: 0
2020/03/21-15:44:18.249616 7ff418618700             Options.atomic_flush: 0
2020/03/21-15:44:18.249617 7ff418618700             Options.avoid_unnecessary_blocking_io: 0
2020/03/21-15:44:18.249617 7ff418618700                 Options.persist_stats_to_disk: 0
2020/03/21-15:44:18.249618 7ff418618700                 Options.write_dbid_to_manifest: 0
2020/03/21-15:44:18.249619 7ff418618700                 Options.log_readahead_size: 0
2020/03/21-15:44:18.249621 7ff418618700             Options.max_background_jobs: 2
2020/03/21-15:44:18.249621 7ff418618700             Options.max_background_compactions: -1
2020/03/21-15:44:18.249622 7ff418618700             Options.avoid_flush_during_shutdown: 0
2020/03/21-15:44:18.249622 7ff418618700           Options.writable_file_max_buffer_size: 1048576
2020/03/21-15:44:18.249623 7ff418618700             Options.delayed_write_rate : 16777216
2020/03/21-15:44:18.249624 7ff418618700             Options.max_total_wal_size: 0
2020/03/21-15:44:18.249624 7ff418618700             Options.delete_obsolete_files_period_micros: 21600000000
2020/03/21-15:44:18.249625 7ff418618700                   Options.stats_dump_period_sec: 600
2020/03/21-15:44:18.249626 7ff418618700                 Options.stats_persist_period_sec: 600
2020/03/21-15:44:18.249627 7ff418618700                 Options.stats_history_buffer_size: 1048576
2020/03/21-15:44:18.249627 7ff418618700                          Options.max_open_files: -1
2020/03/21-15:44:18.249628 7ff418618700                          Options.bytes_per_sync: 0
2020/03/21-15:44:18.249629 7ff418618700                      Options.wal_bytes_per_sync: 0
2020/03/21-15:44:18.249629 7ff418618700                   Options.strict_bytes_per_sync: 0
2020/03/21-15:44:18.249630 7ff418618700       Options.compaction_readahead_size: 0
2020/03/21-15:44:18.249630 7ff418618700 Compression algorithms supported:
2020/03/21-15:44:18.249631 7ff418618700 	kZSTDNotFinalCompression supported: 1
2020/03/21-15:44:18.249636 7ff418618700 	kZSTD supported: 1
2020/03/21-15:44:18.249637 7ff418618700 	kXpressCompression supported: 0
2020/03/21-15:44:18.249638 7ff418618700 	kLZ4HCCompression supported: 1
2020/03/21-15:44:18.249638 7ff418618700 	kLZ4Compression supported: 1
2020/03/21-15:44:18.249639 7ff418618700 	kBZip2Compression supported: 1
2020/03/21-15:44:18.249640 7ff418618700 	kZlibCompression supported: 1
2020/03/21-15:44:18.249640 7ff418618700 	kSnappyCompression supported: 1
2020/03/21-15:44:18.249643 7ff418618700 Fast CRC32 supported: Not supported on x86
2020/03/21-15:44:18.249805 7ff418618700 [rsion_set.cc:4377] Recovering from manifest file: /home/skrbic/IdeaProjects/rocksdb-4j/src/main/resources/data/repositories/db/MANIFEST-000001
2020/03/21-15:44:18.249871 7ff418618700 [lumn_family.cc:550] --------------- Options for column family [default]:
2020/03/21-15:44:18.249873 7ff418618700               Options.comparator: leveldb.BytewiseComparator
2020/03/21-15:44:18.249874 7ff418618700           Options.merge_operator: None
2020/03/21-15:44:18.249875 7ff418618700        Options.compaction_filter: None
2020/03/21-15:44:18.249875 7ff418618700        Options.compaction_filter_factory: None
2020/03/21-15:44:18.249876 7ff418618700         Options.memtable_factory: SkipListFactory
2020/03/21-15:44:18.249877 7ff418618700            Options.table_factory: BlockBasedTable
2020/03/21-15:44:18.249898 7ff418618700            table_factory options:   flush_block_policy_factory: FlushBlockBySizePolicyFactory (0x7ff41077f8e0)
  cache_index_and_filter_blocks: 0
  cache_index_and_filter_blocks_with_high_priority: 1
  pin_l0_filter_and_index_blocks_in_cache: 0
  pin_top_level_index_and_filter: 1
  index_type: 0
  data_block_index_type: 0
  index_shortening: 1
  data_block_hash_table_util_ratio: 0.750000
  hash_index_allow_collision: 1
  checksum: 1
  no_block_cache: 0
  block_cache: 0x7ff41077d510
  block_cache_name: LRUCache
  block_cache_options:
    capacity : 8388608
    num_shard_bits : 4
    strict_capacity_limit : 0
    memory_allocator : None
    high_pri_pool_ratio: 0.000
  block_cache_compressed: (nil)
  persistent_cache: (nil)
  block_size: 4096
  block_size_deviation: 10
  block_restart_interval: 16
  index_block_restart_interval: 1
  metadata_block_size: 4096
  partition_filters: 0
  use_delta_encoding: 1
  filter_policy: nullptr
  whole_key_filtering: 1
  verify_compression: 0
  read_amp_bytes_per_bit: 0
  format_version: 2
  enable_index_compression: 1
  block_align: 0
2020/03/21-15:44:18.249900 7ff418618700        Options.write_buffer_size: 67108864
2020/03/21-15:44:18.249900 7ff418618700  Options.max_write_buffer_number: 2
2020/03/21-15:44:18.249901 7ff418618700          Options.compression: Snappy
2020/03/21-15:44:18.249902 7ff418618700                  Options.bottommost_compression: Disabled
2020/03/21-15:44:18.249903 7ff418618700       Options.prefix_extractor: nullptr
2020/03/21-15:44:18.249903 7ff418618700   Options.memtable_insert_with_hint_prefix_extractor: nullptr
2020/03/21-15:44:18.249904 7ff418618700             Options.num_levels: 7
2020/03/21-15:44:18.249904 7ff418618700        Options.min_write_buffer_number_to_merge: 1
2020/03/21-15:44:18.249905 7ff418618700     Options.max_write_buffer_number_to_maintain: 0
2020/03/21-15:44:18.249906 7ff418618700     Options.max_write_buffer_size_to_maintain: 0
2020/03/21-15:44:18.249906 7ff418618700            Options.bottommost_compression_opts.window_bits: -14
2020/03/21-15:44:18.249907 7ff418618700                  Options.bottommost_compression_opts.level: 32767
2020/03/21-15:44:18.249907 7ff418618700               Options.bottommost_compression_opts.strategy: 0
2020/03/21-15:44:18.249908 7ff418618700         Options.bottommost_compression_opts.max_dict_bytes: 0
2020/03/21-15:44:18.249909 7ff418618700         Options.bottommost_compression_opts.zstd_max_train_bytes: 0
2020/03/21-15:44:18.249909 7ff418618700                  Options.bottommost_compression_opts.enabled: false
2020/03/21-15:44:18.249910 7ff418618700            Options.compression_opts.window_bits: -14
2020/03/21-15:44:18.249910 7ff418618700                  Options.compression_opts.level: 32767
2020/03/21-15:44:18.249911 7ff418618700               Options.compression_opts.strategy: 0
2020/03/21-15:44:18.249912 7ff418618700         Options.compression_opts.max_dict_bytes: 0
2020/03/21-15:44:18.249912 7ff418618700         Options.compression_opts.zstd_max_train_bytes: 0
2020/03/21-15:44:18.249913 7ff418618700                  Options.compression_opts.enabled: false
2020/03/21-15:44:18.249913 7ff418618700      Options.level0_file_num_compaction_trigger: 4
2020/03/21-15:44:18.249921 7ff418618700          Options.level0_slowdown_writes_trigger: 20
2020/03/21-15:44:18.249922 7ff418618700              Options.level0_stop_writes_trigger: 36
2020/03/21-15:44:18.249922 7ff418618700                   Options.target_file_size_base: 67108864
2020/03/21-15:44:18.249923 7ff418618700             Options.target_file_size_multiplier: 1
2020/03/21-15:44:18.249924 7ff418618700                Options.max_bytes_for_level_base: 268435456
2020/03/21-15:44:18.249924 7ff418618700 Options.level_compaction_dynamic_level_bytes: 0
2020/03/21-15:44:18.249925 7ff418618700          Options.max_bytes_for_level_multiplier: 10.000000
2020/03/21-15:44:18.249926 7ff418618700 Options.max_bytes_for_level_multiplier_addtl[0]: 1
2020/03/21-15:44:18.249927 7ff418618700 Options.max_bytes_for_level_multiplier_addtl[1]: 1
2020/03/21-15:44:18.249928 7ff418618700 Options.max_bytes_for_level_multiplier_addtl[2]: 1
2020/03/21-15:44:18.249928 7ff418618700 Options.max_bytes_for_level_multiplier_addtl[3]: 1
2020/03/21-15:44:18.249929 7ff418618700 Options.max_bytes_for_level_multiplier_addtl[4]: 1
2020/03/21-15:44:18.249929 7ff418618700 Options.max_bytes_for_level_multiplier_addtl[5]: 1
2020/03/21-15:44:18.249930 7ff418618700 Options.max_bytes_for_level_multiplier_addtl[6]: 1
2020/03/21-15:44:18.249930 7ff418618700       Options.max_sequential_skip_in_iterations: 8
2020/03/21-15:44:18.249931 7ff418618700                    Options.max_compaction_bytes: 1677721600
2020/03/21-15:44:18.249932 7ff418618700                        Options.arena_block_size: 8388608
2020/03/21-15:44:18.249932 7ff418618700   Options.soft_pending_compaction_bytes_limit: 68719476736
2020/03/21-15:44:18.249933 7ff418618700   Options.hard_pending_compaction_bytes_limit: 274877906944
2020/03/21-15:44:18.249933 7ff418618700       Options.rate_limit_delay_max_milliseconds: 100
2020/03/21-15:44:18.249934 7ff418618700                Options.disable_auto_compactions: 0
2020/03/21-15:44:18.249935 7ff418618700                        Options.compaction_style: kCompactionStyleLevel
2020/03/21-15:44:18.249936 7ff418618700                          Options.compaction_pri: kMinOverlappingRatio
2020/03/21-15:44:18.249936 7ff418618700 Options.compaction_options_universal.size_ratio: 1
2020/03/21-15:44:18.249937 7ff418618700 Options.compaction_options_universal.min_merge_width: 2
2020/03/21-15:44:18.249937 7ff418618700 Options.compaction_options_universal.max_merge_width: 4294967295
2020/03/21-15:44:18.249938 7ff418618700 Options.compaction_options_universal.max_size_amplification_percent: 200
2020/03/21-15:44:18.249939 7ff418618700 Options.compaction_options_universal.compression_size_percent: -1
2020/03/21-15:44:18.249940 7ff418618700 Options.compaction_options_universal.stop_style: kCompactionStopStyleTotalSize
2020/03/21-15:44:18.249940 7ff418618700 Options.compaction_options_fifo.max_table_files_size: 1073741824
2020/03/21-15:44:18.249941 7ff418618700 Options.compaction_options_fifo.allow_compaction: 0
2020/03/21-15:44:18.249941 7ff418618700                   Options.table_properties_collectors: 
2020/03/21-15:44:18.249942 7ff418618700                   Options.inplace_update_support: 0
2020/03/21-15:44:18.249942 7ff418618700                 Options.inplace_update_num_locks: 10000
2020/03/21-15:44:18.249943 7ff418618700               Options.memtable_prefix_bloom_size_ratio: 0.000000
2020/03/21-15:44:18.249944 7ff418618700               Options.memtable_whole_key_filtering: 0
2020/03/21-15:44:18.249944 7ff418618700   Options.memtable_huge_page_size: 0
2020/03/21-15:44:18.249945 7ff418618700                           Options.bloom_locality: 0
2020/03/21-15:44:18.249946 7ff418618700                    Options.max_successive_merges: 0
2020/03/21-15:44:18.249946 7ff418618700                Options.optimize_filters_for_hits: 0
2020/03/21-15:44:18.249947 7ff418618700                Options.paranoid_file_checks: 0
2020/03/21-15:44:18.249947 7ff418618700                Options.force_consistency_checks: 0
2020/03/21-15:44:18.249948 7ff418618700                Options.report_bg_io_stats: 0
2020/03/21-15:44:18.249952 7ff418618700                               Options.ttl: 2592000
2020/03/21-15:44:18.249953 7ff418618700          Options.periodic_compaction_seconds: 0
2020/03/21-15:44:18.251694 7ff418618700 [rsion_set.cc:4527] Recovered from manifest file:/home/skrbic/IdeaProjects/rocksdb-4j/src/main/resources/data/repositories/db/MANIFEST-000001 succeeded,manifest_file_number is 1, next_file_number is 3, last_sequence is 0, log_number is 0,prev_log_number is 0,max_column_family is 0,min_log_number_to_keep is 0
2020/03/21-15:44:18.251698 7ff418618700 [rsion_set.cc:4536] Column family [default] (ID 0), log number is 0
2020/03/21-15:44:18.251821 7ff418618700 EVENT_LOG_v1 {"time_micros": 1584801858251814, "job": 1, "event": "recovery_started", "log_files": [3]}
2020/03/21-15:44:18.251826 7ff418618700 [_impl/db_impl_open.cc:735] Recovering log #3 mode 2
2020/03/21-15:44:18.362606 7ff418618700 EVENT_LOG_v1 {"time_micros": 1584801858362580, "cf_name": "default", "job": 1, "event": "table_file_creation", "file_number": 4, "file_size": 831, "table_properties": {"data_size": 27, "index_size": 29, "index_partitions": 0, "top_level_index_size": 0, "index_key_is_user_key": 0, "index_value_is_delta_encoded": 0, "filter_size": 0, "raw_key_size": 20, "raw_average_key_size": 10, "raw_value_size": 3, "raw_average_value_size": 1, "num_data_blocks": 1, "num_entries": 2, "num_deletions": 2, "num_merge_operands": 0, "num_range_deletions": 1, "format_version": 0, "fixed_key_len": 0, "filter_policy": "", "column_family_name": "default", "column_family_id": 0, "comparator": "leveldb.BytewiseComparator", "merge_operator": "nullptr", "prefix_extractor_name": "nullptr", "property_collectors": "[]", "compression": "Snappy", "compression_options": "window_bits=-14; level=32767; strategy=0; max_dict_bytes=0; zstd_max_train_bytes=0; enabled=0; ", "creation_time": 1584801858, "oldest_key_time": 3, "file_creation_time": 0}}
2020/03/21-15:44:18.362822 7ff418618700 [rsion_set.cc:3788] Creating manifest 5
2020/03/21-15:44:18.364729 7ff418618700 EVENT_LOG_v1 {"time_micros": 1584801858364726, "job": 1, "event": "recovery_finished"}
2020/03/21-15:44:18.367085 7ff418618700 DB pointer 0x7ff4107845d0
2020/03/21-15:44:18.367315 7ff3827f4700 [_impl/db_impl.cc:858] ------- DUMPING STATS -------
2020/03/21-15:44:18.367339 7ff3827f4700 [_impl/db_impl.cc:859] 
** DB Stats **
Uptime(secs): 0.1 total, 0.1 interval
Cumulative writes: 0 writes, 0 keys, 0 commit groups, 0.0 writes per commit group, ingest: 0.00 GB, 0.00 MB/s
Cumulative WAL: 0 writes, 0 syncs, 0.00 writes per sync, written: 0.00 GB, 0.00 MB/s
Cumulative stall: 00:00:0.000 H:M:S, 0.0 percent
Interval writes: 0 writes, 0 keys, 0 commit groups, 0.0 writes per commit group, ingest: 0.00 MB, 0.00 MB/s
Interval WAL: 0 writes, 0 syncs, 0.00 writes per sync, written: 0.00 MB, 0.00 MB/s
Interval stall: 00:00:0.000 H:M:S, 0.0 percent

** Compaction Stats [default] **
Level    Files   Size     Score Read(GB)  Rn(GB) Rnp1(GB) Write(GB) Wnew(GB) Moved(GB) W-Amp Rd(MB/s) Wr(MB/s) Comp(sec) CompMergeCPU(sec) Comp(cnt) Avg(sec) KeyIn KeyDrop
----------------------------------------------------------------------------------------------------------------------------------------------------------------------------
  L0      1/0    0.81 KB   0.2      0.0     0.0      0.0       0.0      0.0       0.0   1.0      0.0      0.1      0.01              0.00         1    0.013       0      0
 Sum      1/0    0.81 KB   0.0      0.0     0.0      0.0       0.0      0.0       0.0   1.0      0.0      0.1      0.01              0.00         1    0.013       0      0
 Int      0/0    0.00 KB   0.0      0.0     0.0      0.0       0.0      0.0       0.0   1.0      0.0      0.1      0.01              0.00         1    0.013       0      0

** Compaction Stats [default] **
Priority    Files   Size     Score Read(GB)  Rn(GB) Rnp1(GB) Write(GB) Wnew(GB) Moved(GB) W-Amp Rd(MB/s) Wr(MB/s) Comp(sec) CompMergeCPU(sec) Comp(cnt) Avg(sec) KeyIn KeyDrop
-------------------------------------------------------------------------------------------------------------------------------------------------------------------------------
User      0/0    0.00 KB   0.0      0.0     0.0      0.0       0.0      0.0       0.0   0.0      0.0      0.1      0.01              0.00         1    0.013       0      0
Uptime(secs): 0.1 total, 0.1 interval
Flush(GB): cumulative 0.000, interval 0.000
AddFile(GB): cumulative 0.000, interval 0.000
AddFile(Total Files): cumulative 0, interval 0
AddFile(L0 Files): cumulative 0, interval 0
AddFile(Keys): cumulative 0, interval 0
Cumulative compaction: 0.00 GB write, 0.01 MB/s write, 0.00 GB read, 0.00 MB/s read, 0.0 seconds
Interval compaction: 0.00 GB write, 0.01 MB/s write, 0.00 GB read, 0.00 MB/s read, 0.0 seconds
Stalls(count): 0 level0_slowdown, 0 level0_slowdown_with_compaction, 0 level0_numfiles, 0 level0_numfiles_with_compaction, 0 stop for pending_compaction_bytes, 0 slowdown for pending_compaction_bytes, 0 memtable_compaction, 0 memtable_slowdown, interval 0 total count

** File Read Latency Histogram By Level [default] **

** Compaction Stats [default] **
Level    Files   Size     Score Read(GB)  Rn(GB) Rnp1(GB) Write(GB) Wnew(GB) Moved(GB) W-Amp Rd(MB/s) Wr(MB/s) Comp(sec) CompMergeCPU(sec) Comp(cnt) Avg(sec) KeyIn KeyDrop
----------------------------------------------------------------------------------------------------------------------------------------------------------------------------
  L0      1/0    0.81 KB   0.2      0.0     0.0      0.0       0.0      0.0       0.0   1.0      0.0      0.1      0.01              0.00         1    0.013       0      0
 Sum      1/0    0.81 KB   0.0      0.0     0.0      0.0       0.0      0.0       0.0   1.0      0.0      0.1      0.01              0.00         1    0.013       0      0
 Int      0/0    0.00 KB   0.0      0.0     0.0      0.0       0.0      0.0       0.0   0.0      0.0      0.0      0.00              0.00         0    0.000       0      0

** Compaction Stats [default] **
Priority    Files   Size     Score Read(GB)  Rn(GB) Rnp1(GB) Write(GB) Wnew(GB) Moved(GB) W-Amp Rd(MB/s) Wr(MB/s) Comp(sec) CompMergeCPU(sec) Comp(cnt) Avg(sec) KeyIn KeyDrop
-------------------------------------------------------------------------------------------------------------------------------------------------------------------------------
User      0/0    0.00 KB   0.0      0.0     0.0      0.0       0.0      0.0       0.0   0.0      0.0      0.1      0.01              0.00         1    0.013       0      0
Uptime(secs): 0.1 total, 0.0 interval
Flush(GB): cumulative 0.000, interval 0.000
AddFile(GB): cumulative 0.000, interval 0.000
AddFile(Total Files): cumulative 0, interval 0
AddFile(L0 Files): cumulative 0, interval 0
AddFile(Keys): cumulative 0, interval 0
Cumulative compaction: 0.00 GB write, 0.01 MB/s write, 0.00 GB read, 0.00 MB/s read, 0.0 seconds
Interval compaction: 0.00 GB write, 0.00 MB/s write, 0.00 GB read, 0.00 MB/s read, 0.0 seconds
Stalls(count): 0 level0_slowdown, 0 level0_slowdown_with_compaction, 0 level0_numfiles, 0 level0_numfiles_with_compaction, 0 stop for pending_compaction_bytes, 0 slowdown for pending_compaction_bytes, 0 memtable_compaction, 0 memtable_slowdown, interval 0 total count

** File Read Latency Histogram By Level [default] **
