2020/03/21-22:04:48.277137 7f2b1f908700 RocksDB version: 6.6.4
2020/03/21-22:04:48.277175 7f2b1f908700 Git sha rocksdb_build_git_sha:
2020/03/21-22:04:48.277177 7f2b1f908700 Compile date Feb 12 2020
2020/03/21-22:04:48.277180 7f2b1f908700 DB SUMMARY
2020/03/21-22:04:48.277215 7f2b1f908700 CURRENT file:  CURRENT
2020/03/21-22:04:48.277216 7f2b1f908700 IDENTITY file:  IDENTITY
2020/03/21-22:04:48.277219 7f2b1f908700 MANIFEST file:  MANIFEST-000021 size: 151 Bytes
2020/03/21-22:04:48.277221 7f2b1f908700 SST files in /home/skrbic/IdeaProjects/rocksdb-4j/src/main/resources/data/repositories/db dir, Total Num: 2, files: 000018.sst 000020.sst 
2020/03/21-22:04:48.277222 7f2b1f908700 Write Ahead Log file in /home/skrbic/IdeaProjects/rocksdb-4j/src/main/resources/data/repositories/db: 000022.log size: 3284076 ; 
2020/03/21-22:04:48.277225 7f2b1f908700                         Options.error_if_exists: 0
2020/03/21-22:04:48.277226 7f2b1f908700                       Options.create_if_missing: 1
2020/03/21-22:04:48.277226 7f2b1f908700                         Options.paranoid_checks: 1
2020/03/21-22:04:48.277227 7f2b1f908700                                     Options.env: 0x7f2aafbf1020
2020/03/21-22:04:48.277228 7f2b1f908700                                Options.info_log: 0x7f2b18740d70
2020/03/21-22:04:48.277228 7f2b1f908700                Options.max_file_opening_threads: 16
2020/03/21-22:04:48.277229 7f2b1f908700                              Options.statistics: (nil)
2020/03/21-22:04:48.277230 7f2b1f908700                               Options.use_fsync: 0
2020/03/21-22:04:48.277231 7f2b1f908700                       Options.max_log_file_size: 0
2020/03/21-22:04:48.277231 7f2b1f908700                  Options.max_manifest_file_size: 1073741824
2020/03/21-22:04:48.277232 7f2b1f908700                   Options.log_file_time_to_roll: 0
2020/03/21-22:04:48.277233 7f2b1f908700                       Options.keep_log_file_num: 1000
2020/03/21-22:04:48.277233 7f2b1f908700                    Options.recycle_log_file_num: 0
2020/03/21-22:04:48.277234 7f2b1f908700                         Options.allow_fallocate: 1
2020/03/21-22:04:48.277234 7f2b1f908700                        Options.allow_mmap_reads: 0
2020/03/21-22:04:48.277235 7f2b1f908700                       Options.allow_mmap_writes: 0
2020/03/21-22:04:48.277236 7f2b1f908700                        Options.use_direct_reads: 0
2020/03/21-22:04:48.277236 7f2b1f908700                        Options.use_direct_io_for_flush_and_compaction: 0
2020/03/21-22:04:48.277237 7f2b1f908700          Options.create_missing_column_families: 0
2020/03/21-22:04:48.277238 7f2b1f908700                              Options.db_log_dir: 
2020/03/21-22:04:48.277238 7f2b1f908700                                 Options.wal_dir: /home/skrbic/IdeaProjects/rocksdb-4j/src/main/resources/data/repositories/db
2020/03/21-22:04:48.277239 7f2b1f908700                Options.table_cache_numshardbits: 6
2020/03/21-22:04:48.277240 7f2b1f908700                      Options.max_subcompactions: 1
2020/03/21-22:04:48.277240 7f2b1f908700                  Options.max_background_flushes: -1
2020/03/21-22:04:48.277241 7f2b1f908700                         Options.WAL_ttl_seconds: 0
2020/03/21-22:04:48.277241 7f2b1f908700                       Options.WAL_size_limit_MB: 0
2020/03/21-22:04:48.277242 7f2b1f908700                        Options.max_write_batch_group_size_bytes: 1048576
2020/03/21-22:04:48.277243 7f2b1f908700             Options.manifest_preallocation_size: 4194304
2020/03/21-22:04:48.277243 7f2b1f908700                     Options.is_fd_close_on_exec: 1
2020/03/21-22:04:48.277244 7f2b1f908700                   Options.advise_random_on_open: 1
2020/03/21-22:04:48.277245 7f2b1f908700                    Options.db_write_buffer_size: 0
2020/03/21-22:04:48.277245 7f2b1f908700                    Options.write_buffer_manager: 0x7f2b1873c420
2020/03/21-22:04:48.277246 7f2b1f908700         Options.access_hint_on_compaction_start: 1
2020/03/21-22:04:48.277247 7f2b1f908700  Options.new_table_reader_for_compaction_inputs: 0
2020/03/21-22:04:48.277247 7f2b1f908700           Options.random_access_max_buffer_size: 1048576
2020/03/21-22:04:48.277256 7f2b1f908700                      Options.use_adaptive_mutex: 0
2020/03/21-22:04:48.277256 7f2b1f908700                            Options.rate_limiter: (nil)
2020/03/21-22:04:48.277258 7f2b1f908700     Options.sst_file_manager.rate_bytes_per_sec: 0
2020/03/21-22:04:48.277259 7f2b1f908700                       Options.wal_recovery_mode: 2
2020/03/21-22:04:48.277259 7f2b1f908700                  Options.enable_thread_tracking: 0
2020/03/21-22:04:48.277260 7f2b1f908700                  Options.enable_pipelined_write: 0
2020/03/21-22:04:48.277261 7f2b1f908700                  Options.unordered_write: 0
2020/03/21-22:04:48.277261 7f2b1f908700         Options.allow_concurrent_memtable_write: 1
2020/03/21-22:04:48.277262 7f2b1f908700      Options.enable_write_thread_adaptive_yield: 1
2020/03/21-22:04:48.277262 7f2b1f908700             Options.write_thread_max_yield_usec: 100
2020/03/21-22:04:48.277263 7f2b1f908700            Options.write_thread_slow_yield_usec: 3
2020/03/21-22:04:48.277264 7f2b1f908700                               Options.row_cache: None
2020/03/21-22:04:48.277264 7f2b1f908700                              Options.wal_filter: None
2020/03/21-22:04:48.277265 7f2b1f908700             Options.avoid_flush_during_recovery: 0
2020/03/21-22:04:48.277266 7f2b1f908700             Options.allow_ingest_behind: 0
2020/03/21-22:04:48.277266 7f2b1f908700             Options.preserve_deletes: 0
2020/03/21-22:04:48.277267 7f2b1f908700             Options.two_write_queues: 0
2020/03/21-22:04:48.277267 7f2b1f908700             Options.manual_wal_flush: 0
2020/03/21-22:04:48.277268 7f2b1f908700             Options.atomic_flush: 0
2020/03/21-22:04:48.277269 7f2b1f908700             Options.avoid_unnecessary_blocking_io: 0
2020/03/21-22:04:48.277269 7f2b1f908700                 Options.persist_stats_to_disk: 0
2020/03/21-22:04:48.277270 7f2b1f908700                 Options.write_dbid_to_manifest: 0
2020/03/21-22:04:48.277271 7f2b1f908700                 Options.log_readahead_size: 0
2020/03/21-22:04:48.277272 7f2b1f908700             Options.max_background_jobs: 2
2020/03/21-22:04:48.277273 7f2b1f908700             Options.max_background_compactions: -1
2020/03/21-22:04:48.277273 7f2b1f908700             Options.avoid_flush_during_shutdown: 0
2020/03/21-22:04:48.277274 7f2b1f908700           Options.writable_file_max_buffer_size: 1048576
2020/03/21-22:04:48.277274 7f2b1f908700             Options.delayed_write_rate : 16777216
2020/03/21-22:04:48.277275 7f2b1f908700             Options.max_total_wal_size: 0
2020/03/21-22:04:48.277276 7f2b1f908700             Options.delete_obsolete_files_period_micros: 21600000000
2020/03/21-22:04:48.277277 7f2b1f908700                   Options.stats_dump_period_sec: 600
2020/03/21-22:04:48.277277 7f2b1f908700                 Options.stats_persist_period_sec: 600
2020/03/21-22:04:48.277278 7f2b1f908700                 Options.stats_history_buffer_size: 1048576
2020/03/21-22:04:48.277279 7f2b1f908700                          Options.max_open_files: -1
2020/03/21-22:04:48.277279 7f2b1f908700                          Options.bytes_per_sync: 0
2020/03/21-22:04:48.277280 7f2b1f908700                      Options.wal_bytes_per_sync: 0
2020/03/21-22:04:48.277280 7f2b1f908700                   Options.strict_bytes_per_sync: 0
2020/03/21-22:04:48.277281 7f2b1f908700       Options.compaction_readahead_size: 0
2020/03/21-22:04:48.277282 7f2b1f908700 Compression algorithms supported:
2020/03/21-22:04:48.277283 7f2b1f908700 	kZSTDNotFinalCompression supported: 1
2020/03/21-22:04:48.277287 7f2b1f908700 	kZSTD supported: 1
2020/03/21-22:04:48.277288 7f2b1f908700 	kXpressCompression supported: 0
2020/03/21-22:04:48.277289 7f2b1f908700 	kLZ4HCCompression supported: 1
2020/03/21-22:04:48.277290 7f2b1f908700 	kLZ4Compression supported: 1
2020/03/21-22:04:48.277290 7f2b1f908700 	kBZip2Compression supported: 1
2020/03/21-22:04:48.277291 7f2b1f908700 	kZlibCompression supported: 1
2020/03/21-22:04:48.277292 7f2b1f908700 	kSnappyCompression supported: 1
2020/03/21-22:04:48.277294 7f2b1f908700 Fast CRC32 supported: Not supported on x86
2020/03/21-22:04:48.277452 7f2b1f908700 [rsion_set.cc:4377] Recovering from manifest file: /home/skrbic/IdeaProjects/rocksdb-4j/src/main/resources/data/repositories/db/MANIFEST-000021
2020/03/21-22:04:48.277520 7f2b1f908700 [lumn_family.cc:550] --------------- Options for column family [default]:
2020/03/21-22:04:48.277522 7f2b1f908700               Options.comparator: leveldb.BytewiseComparator
2020/03/21-22:04:48.277523 7f2b1f908700           Options.merge_operator: None
2020/03/21-22:04:48.277524 7f2b1f908700        Options.compaction_filter: None
2020/03/21-22:04:48.277524 7f2b1f908700        Options.compaction_filter_factory: None
2020/03/21-22:04:48.277525 7f2b1f908700         Options.memtable_factory: SkipListFactory
2020/03/21-22:04:48.277526 7f2b1f908700            Options.table_factory: BlockBasedTable
2020/03/21-22:04:48.277541 7f2b1f908700            table_factory options:   flush_block_policy_factory: FlushBlockBySizePolicyFactory (0x7f2b1873ab20)
  cache_index_and_filter_blocks: 0
  cache_index_and_filter_blocks_with_high_priority: 1
  pin_l0_filter_and_index_blocks_in_cache: 0
  pin_top_level_index_and_filter: 1
  index_type: 0
  data_block_index_type: 0
  index_shortening: 1
  data_block_hash_table_util_ratio: 0.750000
  hash_index_allow_collision: 1
  checksum: 1
  no_block_cache: 0
  block_cache: 0x7f2b1873ab60
  block_cache_name: LRUCache
  block_cache_options:
    capacity : 8388608
    num_shard_bits : 4
    strict_capacity_limit : 0
    memory_allocator : None
    high_pri_pool_ratio: 0.000
  block_cache_compressed: (nil)
  persistent_cache: (nil)
  block_size: 4096
  block_size_deviation: 10
  block_restart_interval: 16
  index_block_restart_interval: 1
  metadata_block_size: 4096
  partition_filters: 0
  use_delta_encoding: 1
  filter_policy: nullptr
  whole_key_filtering: 1
  verify_compression: 0
  read_amp_bytes_per_bit: 0
  format_version: 2
  enable_index_compression: 1
  block_align: 0
2020/03/21-22:04:48.277543 7f2b1f908700        Options.write_buffer_size: 67108864
2020/03/21-22:04:48.277544 7f2b1f908700  Options.max_write_buffer_number: 2
2020/03/21-22:04:48.277544 7f2b1f908700          Options.compression: Snappy
2020/03/21-22:04:48.277545 7f2b1f908700                  Options.bottommost_compression: Disabled
2020/03/21-22:04:48.277546 7f2b1f908700       Options.prefix_extractor: nullptr
2020/03/21-22:04:48.277546 7f2b1f908700   Options.memtable_insert_with_hint_prefix_extractor: nullptr
2020/03/21-22:04:48.277547 7f2b1f908700             Options.num_levels: 7
2020/03/21-22:04:48.277548 7f2b1f908700        Options.min_write_buffer_number_to_merge: 1
2020/03/21-22:04:48.277548 7f2b1f908700     Options.max_write_buffer_number_to_maintain: 0
2020/03/21-22:04:48.277549 7f2b1f908700     Options.max_write_buffer_size_to_maintain: 0
2020/03/21-22:04:48.277550 7f2b1f908700            Options.bottommost_compression_opts.window_bits: -14
2020/03/21-22:04:48.277550 7f2b1f908700                  Options.bottommost_compression_opts.level: 32767
2020/03/21-22:04:48.277551 7f2b1f908700               Options.bottommost_compression_opts.strategy: 0
2020/03/21-22:04:48.277552 7f2b1f908700         Options.bottommost_compression_opts.max_dict_bytes: 0
2020/03/21-22:04:48.277552 7f2b1f908700         Options.bottommost_compression_opts.zstd_max_train_bytes: 0
2020/03/21-22:04:48.277553 7f2b1f908700                  Options.bottommost_compression_opts.enabled: false
2020/03/21-22:04:48.277554 7f2b1f908700            Options.compression_opts.window_bits: -14
2020/03/21-22:04:48.277555 7f2b1f908700                  Options.compression_opts.level: 32767
2020/03/21-22:04:48.277555 7f2b1f908700               Options.compression_opts.strategy: 0
2020/03/21-22:04:48.277556 7f2b1f908700         Options.compression_opts.max_dict_bytes: 0
2020/03/21-22:04:48.277556 7f2b1f908700         Options.compression_opts.zstd_max_train_bytes: 0
2020/03/21-22:04:48.277557 7f2b1f908700                  Options.compression_opts.enabled: false
2020/03/21-22:04:48.277558 7f2b1f908700      Options.level0_file_num_compaction_trigger: 4
2020/03/21-22:04:48.277565 7f2b1f908700          Options.level0_slowdown_writes_trigger: 20
2020/03/21-22:04:48.277566 7f2b1f908700              Options.level0_stop_writes_trigger: 36
2020/03/21-22:04:48.277567 7f2b1f908700                   Options.target_file_size_base: 67108864
2020/03/21-22:04:48.277567 7f2b1f908700             Options.target_file_size_multiplier: 1
2020/03/21-22:04:48.277568 7f2b1f908700                Options.max_bytes_for_level_base: 268435456
2020/03/21-22:04:48.277568 7f2b1f908700 Options.level_compaction_dynamic_level_bytes: 0
2020/03/21-22:04:48.277569 7f2b1f908700          Options.max_bytes_for_level_multiplier: 10.000000
2020/03/21-22:04:48.277571 7f2b1f908700 Options.max_bytes_for_level_multiplier_addtl[0]: 1
2020/03/21-22:04:48.277572 7f2b1f908700 Options.max_bytes_for_level_multiplier_addtl[1]: 1
2020/03/21-22:04:48.277572 7f2b1f908700 Options.max_bytes_for_level_multiplier_addtl[2]: 1
2020/03/21-22:04:48.277573 7f2b1f908700 Options.max_bytes_for_level_multiplier_addtl[3]: 1
2020/03/21-22:04:48.277573 7f2b1f908700 Options.max_bytes_for_level_multiplier_addtl[4]: 1
2020/03/21-22:04:48.277574 7f2b1f908700 Options.max_bytes_for_level_multiplier_addtl[5]: 1
2020/03/21-22:04:48.277575 7f2b1f908700 Options.max_bytes_for_level_multiplier_addtl[6]: 1
2020/03/21-22:04:48.277575 7f2b1f908700       Options.max_sequential_skip_in_iterations: 8
2020/03/21-22:04:48.277576 7f2b1f908700                    Options.max_compaction_bytes: 1677721600
2020/03/21-22:04:48.277577 7f2b1f908700                        Options.arena_block_size: 8388608
2020/03/21-22:04:48.277577 7f2b1f908700   Options.soft_pending_compaction_bytes_limit: 68719476736
2020/03/21-22:04:48.277578 7f2b1f908700   Options.hard_pending_compaction_bytes_limit: 274877906944
2020/03/21-22:04:48.277579 7f2b1f908700       Options.rate_limit_delay_max_milliseconds: 100
2020/03/21-22:04:48.277579 7f2b1f908700                Options.disable_auto_compactions: 0
2020/03/21-22:04:48.277580 7f2b1f908700                        Options.compaction_style: kCompactionStyleLevel
2020/03/21-22:04:48.277581 7f2b1f908700                          Options.compaction_pri: kMinOverlappingRatio
2020/03/21-22:04:48.277582 7f2b1f908700 Options.compaction_options_universal.size_ratio: 1
2020/03/21-22:04:48.277583 7f2b1f908700 Options.compaction_options_universal.min_merge_width: 2
2020/03/21-22:04:48.277583 7f2b1f908700 Options.compaction_options_universal.max_merge_width: 4294967295
2020/03/21-22:04:48.277584 7f2b1f908700 Options.compaction_options_universal.max_size_amplification_percent: 200
2020/03/21-22:04:48.277585 7f2b1f908700 Options.compaction_options_universal.compression_size_percent: -1
2020/03/21-22:04:48.277585 7f2b1f908700 Options.compaction_options_universal.stop_style: kCompactionStopStyleTotalSize
2020/03/21-22:04:48.277586 7f2b1f908700 Options.compaction_options_fifo.max_table_files_size: 1073741824
2020/03/21-22:04:48.277587 7f2b1f908700 Options.compaction_options_fifo.allow_compaction: 0
2020/03/21-22:04:48.277587 7f2b1f908700                   Options.table_properties_collectors: 
2020/03/21-22:04:48.277588 7f2b1f908700                   Options.inplace_update_support: 0
2020/03/21-22:04:48.277589 7f2b1f908700                 Options.inplace_update_num_locks: 10000
2020/03/21-22:04:48.277589 7f2b1f908700               Options.memtable_prefix_bloom_size_ratio: 0.000000
2020/03/21-22:04:48.277590 7f2b1f908700               Options.memtable_whole_key_filtering: 0
2020/03/21-22:04:48.277591 7f2b1f908700   Options.memtable_huge_page_size: 0
2020/03/21-22:04:48.277592 7f2b1f908700                           Options.bloom_locality: 0
2020/03/21-22:04:48.277592 7f2b1f908700                    Options.max_successive_merges: 0
2020/03/21-22:04:48.277593 7f2b1f908700                Options.optimize_filters_for_hits: 0
2020/03/21-22:04:48.277593 7f2b1f908700                Options.paranoid_file_checks: 0
2020/03/21-22:04:48.277594 7f2b1f908700                Options.force_consistency_checks: 0
2020/03/21-22:04:48.277598 7f2b1f908700                Options.report_bg_io_stats: 0
2020/03/21-22:04:48.277599 7f2b1f908700                               Options.ttl: 2592000
2020/03/21-22:04:48.277600 7f2b1f908700          Options.periodic_compaction_seconds: 0
2020/03/21-22:04:48.278246 7f2b1f908700 [rsion_set.cc:4527] Recovered from manifest file:/home/skrbic/IdeaProjects/rocksdb-4j/src/main/resources/data/repositories/db/MANIFEST-000021 succeeded,manifest_file_number is 21, next_file_number is 23, last_sequence is 500000, log_number is 16,prev_log_number is 0,max_column_family is 0,min_log_number_to_keep is 0
2020/03/21-22:04:48.278250 7f2b1f908700 [rsion_set.cc:4536] Column family [default] (ID 0), log number is 16
2020/03/21-22:04:48.278380 7f2b1f908700 EVENT_LOG_v1 {"time_micros": 1584824688278374, "job": 1, "event": "recovery_started", "log_files": [22]}
2020/03/21-22:04:48.278385 7f2b1f908700 [_impl/db_impl_open.cc:735] Recovering log #22 mode 2
2020/03/21-22:04:48.403104 7f2b1f908700 EVENT_LOG_v1 {"time_micros": 1584824688403083, "cf_name": "default", "job": 1, "event": "table_file_creation", "file_number": 23, "file_size": 831, "table_properties": {"data_size": 27, "index_size": 29, "index_partitions": 0, "top_level_index_size": 0, "index_key_is_user_key": 0, "index_value_is_delta_encoded": 0, "filter_size": 0, "raw_key_size": 20, "raw_average_key_size": 10, "raw_value_size": 3, "raw_average_value_size": 1, "num_data_blocks": 1, "num_entries": 2, "num_deletions": 2, "num_merge_operands": 0, "num_range_deletions": 1, "format_version": 0, "fixed_key_len": 0, "filter_policy": "", "column_family_name": "default", "column_family_id": 0, "comparator": "leveldb.BytewiseComparator", "merge_operator": "nullptr", "prefix_extractor_name": "nullptr", "property_collectors": "[]", "compression": "Snappy", "compression_options": "window_bits=-14; level=32767; strategy=0; max_dict_bytes=0; zstd_max_train_bytes=0; enabled=0; ", "creation_time": 1584824688, "oldest_key_time": 3, "file_creation_time": 0}}
2020/03/21-22:04:48.403269 7f2b1f908700 [rsion_set.cc:3788] Creating manifest 24
2020/03/21-22:04:48.405175 7f2b1f908700 EVENT_LOG_v1 {"time_micros": 1584824688405173, "job": 1, "event": "recovery_finished"}
2020/03/21-22:04:48.407562 7f2b1f908700 DB pointer 0x7f2b1873f410
2020/03/21-22:04:48.407781 7f2a89ffb700 [_impl/db_impl.cc:858] ------- DUMPING STATS -------
2020/03/21-22:04:48.407803 7f2a89ffb700 [_impl/db_impl.cc:859] 
** DB Stats **
Uptime(secs): 0.1 total, 0.1 interval
Cumulative writes: 0 writes, 0 keys, 0 commit groups, 0.0 writes per commit group, ingest: 0.00 GB, 0.00 MB/s
Cumulative WAL: 0 writes, 0 syncs, 0.00 writes per sync, written: 0.00 GB, 0.00 MB/s
Cumulative stall: 00:00:0.000 H:M:S, 0.0 percent
Interval writes: 0 writes, 0 keys, 0 commit groups, 0.0 writes per commit group, ingest: 0.00 MB, 0.00 MB/s
Interval WAL: 0 writes, 0 syncs, 0.00 writes per sync, written: 0.00 MB, 0.00 MB/s
Interval stall: 00:00:0.000 H:M:S, 0.0 percent

** Compaction Stats [default] **
Level    Files   Size     Score Read(GB)  Rn(GB) Rnp1(GB) Write(GB) Wnew(GB) Moved(GB) W-Amp Rd(MB/s) Wr(MB/s) Comp(sec) CompMergeCPU(sec) Comp(cnt) Avg(sec) KeyIn KeyDrop
----------------------------------------------------------------------------------------------------------------------------------------------------------------------------
  L0      2/0   988.03 KB   0.5      0.0     0.0      0.0       0.0      0.0       0.0   1.0      0.0      0.1      0.01              0.00         1    0.014       0      0
  L1      1/0   645.33 KB   0.0      0.0     0.0      0.0       0.0      0.0       0.0   0.0      0.0      0.0      0.00              0.00         0    0.000       0      0
 Sum      3/0    1.60 MB   0.0      0.0     0.0      0.0       0.0      0.0       0.0   1.0      0.0      0.1      0.01              0.00         1    0.014       0      0
 Int      0/0    0.00 KB   0.0      0.0     0.0      0.0       0.0      0.0       0.0   1.0      0.0      0.1      0.01              0.00         1    0.014       0      0

** Compaction Stats [default] **
Priority    Files   Size     Score Read(GB)  Rn(GB) Rnp1(GB) Write(GB) Wnew(GB) Moved(GB) W-Amp Rd(MB/s) Wr(MB/s) Comp(sec) CompMergeCPU(sec) Comp(cnt) Avg(sec) KeyIn KeyDrop
-------------------------------------------------------------------------------------------------------------------------------------------------------------------------------
User      0/0    0.00 KB   0.0      0.0     0.0      0.0       0.0      0.0       0.0   0.0      0.0      0.1      0.01              0.00         1    0.014       0      0
Uptime(secs): 0.1 total, 0.1 interval
Flush(GB): cumulative 0.000, interval 0.000
AddFile(GB): cumulative 0.000, interval 0.000
AddFile(Total Files): cumulative 0, interval 0
AddFile(L0 Files): cumulative 0, interval 0
AddFile(Keys): cumulative 0, interval 0
Cumulative compaction: 0.00 GB write, 0.01 MB/s write, 0.00 GB read, 0.00 MB/s read, 0.0 seconds
Interval compaction: 0.00 GB write, 0.01 MB/s write, 0.00 GB read, 0.00 MB/s read, 0.0 seconds
Stalls(count): 0 level0_slowdown, 0 level0_slowdown_with_compaction, 0 level0_numfiles, 0 level0_numfiles_with_compaction, 0 stop for pending_compaction_bytes, 0 slowdown for pending_compaction_bytes, 0 memtable_compaction, 0 memtable_slowdown, interval 0 total count

** File Read Latency Histogram By Level [default] **

** Compaction Stats [default] **
Level    Files   Size     Score Read(GB)  Rn(GB) Rnp1(GB) Write(GB) Wnew(GB) Moved(GB) W-Amp Rd(MB/s) Wr(MB/s) Comp(sec) CompMergeCPU(sec) Comp(cnt) Avg(sec) KeyIn KeyDrop
----------------------------------------------------------------------------------------------------------------------------------------------------------------------------
  L0      2/0   988.03 KB   0.5      0.0     0.0      0.0       0.0      0.0       0.0   1.0      0.0      0.1      0.01              0.00         1    0.014       0      0
  L1      1/0   645.33 KB   0.0      0.0     0.0      0.0       0.0      0.0       0.0   0.0      0.0      0.0      0.00              0.00         0    0.000       0      0
 Sum      3/0    1.60 MB   0.0      0.0     0.0      0.0       0.0      0.0       0.0   1.0      0.0      0.1      0.01              0.00         1    0.014       0      0
 Int      0/0    0.00 KB   0.0      0.0     0.0      0.0       0.0      0.0       0.0   0.0      0.0      0.0      0.00              0.00         0    0.000       0      0

** Compaction Stats [default] **
Priority    Files   Size     Score Read(GB)  Rn(GB) Rnp1(GB) Write(GB) Wnew(GB) Moved(GB) W-Amp Rd(MB/s) Wr(MB/s) Comp(sec) CompMergeCPU(sec) Comp(cnt) Avg(sec) KeyIn KeyDrop
-------------------------------------------------------------------------------------------------------------------------------------------------------------------------------
User      0/0    0.00 KB   0.0      0.0     0.0      0.0       0.0      0.0       0.0   0.0      0.0      0.1      0.01              0.00         1    0.014       0      0
Uptime(secs): 0.1 total, 0.0 interval
Flush(GB): cumulative 0.000, interval 0.000
AddFile(GB): cumulative 0.000, interval 0.000
AddFile(Total Files): cumulative 0, interval 0
AddFile(L0 Files): cumulative 0, interval 0
AddFile(Keys): cumulative 0, interval 0
Cumulative compaction: 0.00 GB write, 0.01 MB/s write, 0.00 GB read, 0.00 MB/s read, 0.0 seconds
Interval compaction: 0.00 GB write, 0.00 MB/s write, 0.00 GB read, 0.00 MB/s read, 0.0 seconds
Stalls(count): 0 level0_slowdown, 0 level0_slowdown_with_compaction, 0 level0_numfiles, 0 level0_numfiles_with_compaction, 0 stop for pending_compaction_bytes, 0 slowdown for pending_compaction_bytes, 0 memtable_compaction, 0 memtable_slowdown, interval 0 total count

** File Read Latency Histogram By Level [default] **
